10
300
-0.145119
0.233587
0.118112
-0.391621
-0.216174
-0.416229
0.203449
0.075751
-0.077144
-0.122840
0.229428
-0.240706
0.120687
0.021227
-0.362054
0.050998
-0.163596
-0.290791
0.170586
-0.058651
-0.163562
-0.095209
-0.270966
-0.052803
-0.130770
-0.196740
0.080959
0.282235
-0.049196
-0.151446
-0.402092
0.172071
-0.141740
0.265875
0.108700
-0.107901
-0.472032
0.130871
-0.068247
0.054949
-0.055338
-0.267239
0.208878
-0.275187
0.131692
-0.301042
-0.272428
-0.291996
-0.007898
-0.285993
0.027824
-0.373133
0.000783
-0.112724
0.154122
-0.181834
0.011071
-0.179487
-0.208929
0.246217
0.070244
0.003149
-0.406677
-0.293066
-0.026780
-0.456194
0.048421
0.253027
0.106226
0.300893
0.054974
-0.207232
-0.261235
0.019611
-0.359156
-0.342345
0.127997
-0.215400
-0.153795
-0.045750
-0.068144
-0.258839
-0.013236
-0.125352
0.143715
-0.088149
0.189217
-0.162435
0.128056
-0.066827
-0.043341
-0.003980
-0.373732
0.037543
0.231395
0.042450
0.040613
-0.113488
-0.188793
-0.029370
-0.046308
-0.052143
0.055598
0.140434
0.220071
-0.288877
-0.307416
0.108679
-0.216005
0.003506
-0.186416
-0.337376
0.025791
-0.386652
-0.064105
-0.036846
-0.120399
-0.049177
-0.203074
-0.048827
0.193781
-0.076935
-0.261737
0.091551
0.063795
-0.499222
0.017680
-0.129560
0.177628
-0.245756
0.276437
-0.367396
0.009878
0.126242
0.376294
-0.110602
0.278626
-0.340219
-0.083134
-0.270420
0.030019
0.150624
-0.154318
-0.027369
-0.317518
0.202112
-0.158878
0.093880
-0.077899
-0.142099
0.009491
-0.091072
-0.163547
0.015909
-0.139082
0.225281
0.133699
0.339242
-0.143387
-0.156416
-0.325122
-0.330717
-0.022962
-0.038763
0.327792
0.019152
-0.417376
0.249962
0.154314
0.004216
-0.281927
0.320913
-0.174616
0.359519
-0.049369
0.132090
-0.137586
0.127056
0.250176
0.200940
0.004708
-0.185383
-0.224236
0.173772
-0.345509
-0.088643
0.017093
0.124397
-0.076646
0.140291
-0.229795
0.152249
-0.357248
-0.367918
-0.050151
-0.160048
0.176164
0.008200
-0.236964
0.203758
-0.058630
0.119714
0.199135
0.359585
0.025757
-0.232493
0.244102
0.068644
-0.288990
0.088905
-0.060607
0.286099
-0.200601
0.152199
0.170632
-0.053842
-0.025678
-0.185681
-0.063793
-0.265361
-0.128839
0.333113
-0.414400
0.009745
-0.476310
-0.017778
0.279641
-0.325926
-0.096089
-0.257730
-0.306358
0.293857
-0.314152
0.079274
-0.392216
0.017223
-0.128555
0.330896
-0.046703
-0.007397
0.233250
-0.127609
0.059664
-0.157411
-0.271741
0.064836
0.174236
0.128901
-0.295163
-0.128381
-0.210917
-0.066356
-0.097997
-0.049014
-0.134215
-0.143142
-0.346473
-0.239806
0.040204
0.101670
0.055439
0.005616
0.059623
0.136198
0.105134
0.148865
-0.091537
-0.390890
0.350968
-0.272757
-0.283665
0.112866
-0.135016
0.072536
-0.166774
0.193780
-0.036570
0.356778
0.179430
0.145151
-0.209202
-0.211639
-0.030648
0.047706
0.090061
0.093723
-0.223164
0.204633
-0.280052
-0.285838
0.136245
0.311049
0.040169
-0.132440
0.169674
0.165100
-0.285443
-0.083492
0.206242
0.410261
0.333806
-0.196135
0.166596
0.138063
-0.310780
-0.045953
-0.031882
0.192434
-0.177288
0.102541
0.024190
0.070909
0.152846
-0.306010
0.065862
-0.063904
0.264239
-0.211762
-0.109367
0.029747
-0.200446
-0.265014
0.100886
-0.170691
-0.187399
0.007628
0.290380
0.120985
-0.219712
-0.279226
0.125658
-0.040326
-0.230818
0.142520
0.315219
0.000461
-0.211463
-0.028009
0.003013
-0.187533
-0.506918
-0.375995
-0.296320
0.206867
-0.052096
0.255556
0.083439
0.082165
0.269858
0.121155
0.185414
-0.257585
0.041627
0.050749
-0.032243
-0.125315
-0.324677
-0.090866
-0.246486
0.014491
0.045021
0.435540
0.039623
0.241232
0.244554
0.253083
0.002358
-0.164656
-0.173408
-0.199546
0.318457
0.067836
0.061349
-0.270839
0.090178
0.027351
-0.334201
-0.211155
-0.125017
-0.286228
0.262479
-0.245073
0.035601
0.186256
-0.227825
0.097657
-0.267747
-0.340467
-0.098134
-0.255338
0.104697
-0.182424
-0.053567
-0.066756
-0.274195
0.111742
-0.192355
-0.245514
0.245089
0.163160
-0.124762
0.257200
0.081678
0.146885
-0.206990
-0.315878
0.184993
-0.319567
-0.117979
-0.080182
0.009812
-0.199065
0.196988
0.220849
-0.194503
0.329792
0.222172
0.069842
-0.221636
-0.210720
-0.054911
0.129008
-0.005193
0.015720
0.082232
0.216703
-0.264308
-0.363072
0.164898
-0.274214
-0.294900
-0.205892
0.224461
-0.070111
-0.108530
-0.317826
0.032246
-0.072937
-0.083062
0.157220
0.272421
0.119704
-0.142743
0.059149
0.118416
-0.060755
0.162108
0.260070
-0.165854
0.234463
-0.238483
-0.101799
-0.318448
0.003850
0.287250
0.177989
0.009873
-0.064449
-0.353965
0.059301
-0.029570
-0.461606
0.167227
0.089553
0.126661
-0.161716
0.207450
-0.262594
-0.012688
-0.039028
-0.103379
-0.342838
0.139185
-0.023115
-0.166841
-0.016354
-0.185315
0.212067
-0.058252
-0.248198
0.309191
0.109935
0.094433
-0.256880
0.051150
0.168602
0.238714
-0.148277
-0.218810
0.166407
0.236205
0.003817
-0.408106
-0.004388
-0.437654
0.017798
-0.243321
-0.082678
0.205944
-0.020755
0.216828
-0.318713
-0.217496
0.071992
0.119184
-0.141954
-0.244949
-0.071928
-0.077877
0.252233
-0.248779
-0.422911
0.151318
0.057281
-0.165812
-0.043426
-0.029775
-0.160762
0.241437
0.177110
-0.254829
0.113334
-0.118734
0.089757
-0.059430
-0.383450
-0.246173
0.122119
-0.026488
0.238498
0.151674
-0.050603
-0.256661
0.013301
-0.177039
0.106696
-0.266348
0.151902
-0.094263
0.034014
-0.033835
0.001713
0.433785
-0.211773
0.094006
-0.457396
0.224734
-0.152839
-0.148962
0.207027
0.077362
0.050698
-0.054519
0.290188
-0.119045
-0.100314
-0.206507
-0.272060
0.216905
0.092334
-0.126533
-0.059333
0.103467
-0.073537
-0.143958
0.029446
0.057191
-0.116860
-0.149174
0.312190
-0.417751
0.001781
0.171597
0.189220
-0.000338
-0.029079
0.392644
-0.473030
0.191759
-0.044738
0.300105
-0.218318
-0.350839
-0.001893
-0.109515
-0.260373
0.231081
0.353612
0.119737
0.261955
0.098058
-0.131611
-0.030195
-0.411950
0.236409
-0.229545
0.200895
-0.240338
0.206570
-0.120879
-0.194945
0.238049
0.121523
-0.429325
-0.000942
-0.166785
0.170930
0.423932
0.098151
-0.076531
-0.155379
0.035218
0.178619
-0.113520
-0.373709
0.110819
-0.579510
-0.229124
-0.196722
-0.353801
-0.462918
-0.276396
-0.134441
0.138370
-0.187306
-0.101649
0.186420
-0.354659
-0.068991
0.040647
-0.256501
0.164029
0.157630
-0.256429
-0.400056
-0.005050
0.394742
0.407008
-0.123947
-0.103576
-0.168324
-0.272813
-0.327738
-0.005885
-0.022866
0.152206
-0.286865
0.198138
0.204196
0.113852
-0.177077
-0.013485
0.089606
0.026043
-0.014748
-0.193503
0.294198
0.177502
-0.263613
-0.068868
-0.126730
0.277995
0.191321
-0.112904
-0.072221
-0.297241
-0.130445
-0.134596
-0.272956
0.217671
0.177293
0.111907
-0.298158
-0.322713
-0.149365
0.489182
0.091563
-0.043762
0.225835
-0.039616
0.166456
0.041481
-0.259168
0.168333
0.206536
-0.027311
0.341466
0.247469
-0.236951
-0.081177
0.267181
0.181239
-0.056277
-0.003460
-0.057079
0.129209
0.203340
-0.046997
-0.346320
-0.345318
0.181320
-0.039761
0.208292
0.073948
-0.152128
-0.250134
0.170862
0.111138
-0.305991
0.043237
-0.068258
-0.018135
-0.135480
-0.339771
-0.146040
0.008584
0.084170
0.015374
-0.051783
0.230032
-0.282103
-0.179451
0.196593
-0.084768
0.129261
-0.271824
0.057011
0.349713
0.335340
0.411761
-0.282642
0.073609
0.020775
-0.349361
0.022845
-0.004044
-0.290815
0.009083
-0.210734
0.228459
0.000303
0.057863
-0.089042
0.161457
0.471252
-0.351079
0.011688
-0.286871
-0.025834
0.398958
-0.188354
0.137984
-0.295698
-0.123476
-0.294770
-0.272666
0.227585
0.215177
-0.101125
0.279250
0.255619
0.239354
0.017085
0.068435
0.210704
-0.278100
-0.190536
-0.251845
0.299708
-0.140016
-0.071742
0.028103
-0.352115
0.278844
-0.182233
0.161780
-0.126501
0.170716
0.186595
0.154871
-0.561957
0.326224
-0.056936
-0.215374
-0.307317
-0.473867
0.211753
0.038020
-0.146240
-0.158762
0.239403
-0.168799
-0.382065
0.195293
-0.118424
-0.538021
0.194937
-0.163307
-0.153824
0.314706
0.293179
0.211596
0.012895
0.262491
-0.353313
-0.270442
-0.383709
-0.051187
-0.215063
0.036922
-0.079917
-0.301912
0.041112
-0.229853
0.096704
0.341389
-0.292837
-0.080603
0.125279
-0.005268
0.415915
0.187586
0.354445
0.237596
0.016004
-0.126584
-0.108448
0.079447
-0.023822
0.344152
0.220588
-0.172748
-0.308032
-0.383361
-0.166738
-0.128734
-0.045239
-0.070943
0.176667
0.235860
-0.169051
-0.445467
-0.519445
-0.405458
-0.354304
0.268433
0.311131
-0.012725
-0.119096
0.402023
-0.272506
-0.039631
0.205846
-0.177714
-0.065946
-0.149373
-0.240486
-0.507637
-0.516957
-0.242463
0.167783
0.396097
-0.067129
0.484641
-0.289055
-0.282912
-0.317501
0.067202
0.283278
-0.103711
0.107863
-0.141010
-0.007631
0.175902
-0.145222
0.079050
-0.132514
-0.129720
-0.180826
-0.333152
0.002929
-0.035706
0.177292
-0.028122
0.069264
-0.034927
0.258841
-0.027178
0.100752
-0.387579
-0.028522
0.019574
-0.328385
-0.178082
0.318032
-0.110113
-0.205643
0.036821
0.155737
0.192542
0.182029
-0.140569
-0.140889
0.424951
-0.198885
0.081444
0.176769
-0.532206
-0.077359
0.468055
-0.271390
-0.315812
0.100920
-0.425019
0.042126
-0.165721
0.340103
0.145284
-0.490417
0.095637
-0.531091
-0.255021
-0.027792
-0.321868
0.095916
-0.024476
-0.138691
-0.363434
0.441655
-0.004120
-0.484389
-0.050597
0.280940
0.014845
0.081170
0.015204
-0.072794
-0.374390
-0.340047
0.297904
-0.101881
0.126476
-0.255528
-0.387552
0.201861
-0.184652
0.147910
0.167850
-0.295079
-0.362369
-0.119909
-0.336348
0.185016
-0.004407
-0.074193
-0.058303
-0.267400
0.435230
-0.017242
-0.275083
0.083807
0.095071
-0.460025
0.196225
0.204723
0.158741
-0.195442
-0.356971
-0.183486
0.018814
-0.175940
-0.004483
-0.037827
-0.142352
-0.059744
0.167199
-0.029053
-0.112322
-0.063064
0.093451
0.043353
0.163377
-0.574824
-0.055645
-0.064697
0.009747
-0.268615
-0.516084
-0.092753
-0.355706
-0.108503
-0.388559
-0.271773
0.030261
-0.464024
0.134335
-0.286604
-0.045401
-0.575803
0.122589
-0.353093
-0.164531
0.130112
0.190196
-0.471120
-0.031427
0.252552
0.240324
0.125557
-0.212290
0.108731
0.008009
-0.179384
-0.192739
-0.241119
0.197123
-0.077284
-0.083360
0.189104
0.064639
-0.019005
0.094523
0.121875
0.230282
0.294771
0.312028
0.164980
0.108376
-0.152942
0.189377
-0.197212
0.200529
-0.075559
-0.049628
0.092494
-0.022008
0.421573
-0.137665
0.025031
0.237091
-0.011490
-0.010908
-0.107441
0.342168
0.003745
0.155270
0.044391
0.241733
0.011214
0.441250
-0.270262
-0.128821
-0.146782
-0.154937
-0.110116
-0.128001
-0.198408
-0.307067
0.303748
-0.311774
-0.290071
-0.026562
0.206438
0.244846
-0.202799
-0.102372
-0.109104
-0.394932
-0.260373
0.071478
-0.419108
0.532623
-0.082636
0.079340
0.165392
-0.216321
0.133541
0.076515
0.408954
0.137478
-0.121369
-0.146951
-0.453827
-0.451149
0.150732
0.377020
0.055486
-0.139122
-0.429130
0.347722
-0.156326
-0.014662
-0.207234
-0.444640
-0.087865
-0.210377
0.148259
-0.302061
0.026141
-0.429085
-0.375477
0.174202
-0.352383
0.007346
0.318447
-0.266523
0.233088
0.161016
0.040808
0.341133
-0.003276
0.158633
-0.406486
0.225985
0.205103
0.225325
0.072937
-0.142295
-0.113642
0.205261
-0.220752
0.081889
0.216439
0.151260
0.341246
-0.069166
0.017974
0.289582
0.043113
-0.185027
-0.268105
-0.056236
-0.073519
-0.299530
-0.196938
-0.115300
-0.033946
-0.179380
-0.187065
-0.115071
-0.248119
-0.404095
0.061104
0.055520
-0.390167
-0.191220
0.149287
0.040513
-0.263851
-0.312607
0.147019
-0.037044
-0.274548
0.109457
-0.032261
0.177876
-0.104284
-0.327380
0.297463
-0.314556
0.047921
-0.445466
-0.506046
-0.382618
0.020822
-0.021821
0.223878
-0.298629
0.029346
-0.286335
0.100562
-0.014107
-0.139270
-0.191223
0.235147
-0.093812
0.162793
0.063498
-0.052525
-0.337342
0.409353
-0.100973
0.174085
-0.325574
-0.193560
-0.053285
-0.008877
0.112751
0.019613
-0.423429
0.274377
-0.237362
0.144267
0.109675
-0.020986
-0.359555
0.058635
-0.085840
-0.059070
-0.191063
0.209495
0.001740
0.179920
-0.127061
-0.340062
0.234428
-0.310820
-0.338365
0.071820
0.074036
-0.247555
0.180706
0.089394
-0.357676
-0.239584
-0.366590
0.054201
0.016159
0.331949
-0.304405
0.184249
0.335395
0.124639
0.007818
-0.239656
-0.096946
0.147572
-0.000190
0.258453
-0.091759
-0.053968
0.154588
-0.197656
-0.424217
-0.267616
-0.216048
-0.186189
-0.170509
-0.274601
-0.342940
0.223914
-0.019026
0.246484
0.065513
-0.081115
-0.331083
-0.347614
-0.280651
0.002653
-0.273081
0.100584
-0.374484
-0.257287
0.018136
0.211767
-0.373683
-0.333811
0.348990
0.133848
0.275558
0.001893
-0.169912
-0.001695
0.252350
0.158235
-0.233180
-0.277744
-0.401523
0.025113
-0.041107
-0.392512
-0.127721
-0.252522
0.327709
-0.090124
-0.394742
-0.358479
0.015078
0.116992
-0.162355
0.203027
0.181847
-0.483873
-0.291123
-0.396485
-0.277490
-0.257251
-0.418810
-0.223302
0.048916
-0.149771
0.090662
0.294730
-0.135212
0.253475
-0.098852
0.013562
-0.077244
0.180547
-0.184287
0.219475
0.255997
0.079102
-0.158319
0.241145
-0.165440
0.269675
-0.406177
-0.366965
-0.094692
0.213976
0.496865
-0.333989
0.405599
-0.232047
-0.071585
-0.342346
-0.124965
0.144656
0.050401
0.281336
-0.248932
0.047045
0.138934
-0.078472
0.181513
-0.008536
-0.183383
-0.542047
-0.322383
0.085118
-0.245806
-0.199554
-0.020888
-0.082803
-0.259130
-0.356902
-0.081046
0.022077
-0.470051
0.210320
-0.093850
-0.306784
-0.318999
-0.061639
-0.283028
-0.082466
-0.109564
0.107611
-0.321976
-0.135383
0.234388
-0.025299
-0.383918
0.224755
-0.460333
0.283309
-0.048902
-0.252576
0.214059
0.094578
-0.200669
0.250782
-0.363137
0.084371
-0.089695
-0.062145
0.186387
-0.286075
0.185568
0.299224
-0.487577
-0.215353
-0.275082
-0.155012
-0.041332
0.129679
0.163626
-0.335703
-0.416728
-0.005624
-0.008896
-0.047525
0.114516
0.056801
-0.048079
0.132877
-0.317032
0.158150
-0.412340
-0.358978
0.238402
-0.319356
-0.052905
-0.367719
0.267550
0.148396
-0.026408
0.055661
0.295729
-0.102769
0.043097
-0.211366
-0.179059
0.059799
0.162093
-0.182155
-0.035217
0.067657
-0.204401
0.207249
0.465142
0.302307
-0.140311
-0.095824
-0.207539
0.141110
-0.111967
0.179829
0.220275
-0.096960
-0.258907
0.068102
0.266663
0.024481
0.415596
0.182471
-0.100081
-0.011131
0.135838
-0.120245
0.094771
-0.073320
-0.526196
0.112232
-0.154780
0.196069
0.285889
0.330091
-0.193713
-0.130645
0.120450
-0.064181
-0.042780
-0.164633
0.008454
0.197110
-0.278785
0.139961
-0.003262
0.214000
-0.103143
-0.233038
0.157248
0.035689
0.055098
0.032599
0.230346
-0.231820
-0.298654
0.001494
-0.290820
0.227940
-0.119308
-0.259732
0.111891
0.108180
-0.382997
0.026702
0.144187
0.162394
-0.107999
-0.026268
-0.222016
0.166676
0.365598
0.024418
0.347007
-0.107394
0.042838
0.331039
-0.057565
-0.219046
0.188812
-0.317299
-0.430920
0.037390
0.151605
0.239790
-0.105960
-0.354684
-0.053790
-0.198555
-0.141285
0.107236
0.127975
0.362955
0.092788
0.151158
0.054251
0.018809
0.168226
0.226716
0.422747
-0.118138
0.122619
-0.262812
-0.300731
0.017234
-0.504480
0.083219
0.080723
0.185066
0.422163
-0.167561
0.392480
-0.183444
0.005272
0.262801
0.523358
0.065158
-0.318136
-0.008678
0.118670
-0.268614
-0.062089
0.197393
-0.640157
-0.028489
0.173545
0.328674
0.189702
0.255000
0.190870
0.268434
0.488486
0.246500
0.198050
0.621067
-0.156846
-0.108477
0.248202
0.044732
-0.201405
0.132906
0.107632
-0.084401
-0.270235
-0.172166
0.029497
-0.131786
0.323587
-0.010484
0.398342
0.216552
0.192573
0.244653
0.367655
-0.305508
0.170251
0.129294
-0.105783
0.011819
-0.155037
-0.166941
-0.084964
-0.132307
0.321932
-0.011446
-0.122328
0.441552
0.512902
-0.084032
0.003843
-0.197473
-0.095450
0.223775
-0.037407
0.145497
0.480785
0.223089
-0.408682
0.886197
0.074352
-0.294885
-0.217582
0.160758
0.311505
0.130510
-0.244360
0.081758
-0.118866
-0.062992
0.171204
-0.494521
0.203936
-0.161556
0.178075
0.112155
0.032465
-0.428571
0.046968
0.061419
0.182680
0.187770
0.065146
-0.145556
0.101014
-0.071086
0.284140
0.261298
-0.038196
-0.253036
-0.419514
-0.337751
-0.181407
-0.338346
0.095657
-0.140238
-0.309542
-0.457923
-0.083652
0.166658
-0.022610
0.391435
0.236580
-0.204929
-0.232430
-0.355786
0.267828
-0.547590
0.087810
-0.445453
0.119048
-0.427292
-0.324073
0.342542
-0.055712
-0.286183
0.312041
0.038854
-0.131419
-0.124226
-0.086954
-0.238988
0.060092
0.043537
-0.212460
-0.073682
-0.345755
-0.084443
-0.062011
-0.139766
-0.318945
0.472967
0.220423
-0.295793
-0.486551
-0.279641
-0.031984
0.349648
-0.501323
0.378365
-0.269591
-0.485753
-0.240679
0.036404
0.031053
-0.044853
0.154899
0.318499
-0.214624
0.217204
-0.304399
0.360911
0.339221
0.135675
0.010176
0.100615
-0.293535
0.523674
-0.260948
0.170647
-0.161724
0.112897
0.103830
0.071926
0.218992
-0.261244
-0.020831
-0.167119
0.422206
0.076544
0.055782
-0.370023
0.346701
0.072999
0.036176
-0.037701
-0.108095
-0.155949
-0.186749
-0.140917
-0.551373
0.048492
-0.229064
-0.193151
0.010588
0.184016
0.282727
0.508184
0.304833
-0.584851
0.117707
0.360490
0.038395
0.299608
-0.268521
0.086589
0.118066
0.246037
0.328848
-0.027721
-0.039511
-0.192777
-0.327926
-0.134270
-0.516714
0.242198
0.377880
-0.043134
-0.163134
0.005360
0.297477
-0.422008
-0.357263
-0.187007
-0.365763
0.296076
-0.152494
-0.115592
0.241582
-0.089159
-0.113981
0.290147
-0.198613
-0.278569
0.074677
-0.001018
0.144272
-0.044074
-0.178952
0.031953
-0.041266
0.177857
0.135500
0.039677
-0.038348
0.397101
-0.100012
0.028073
-0.029489
0.008625
0.425443
-0.185675
0.283158
-0.187142
0.309279
-0.392937
-0.383214
-0.066546
-0.126614
0.140972
0.214222
0.372312
-0.000954
0.424055
0.198716
-0.142853
-0.033572
-0.346483
0.083706
-0.323559
0.414693
0.032884
0.174652
0.160536
-0.125720
-0.014605
0.364926
0.209559
0.171226
-0.142141
-0.391209
-0.124478
0.017499
-0.320994
-0.228735
0.119921
-0.555200
-0.275102
0.124107
0.098449
-0.299876
0.083484
0.004743
-0.404147
0.045984
0.022617
-0.149143
-0.007792
-0.122383
-0.060849
-0.032803
-0.305851
-0.270870
0.083712
0.198106
-0.170950
-0.339319
0.259787
-0.321009
-0.175990
0.248734
-0.035351
-0.262350
-0.066408
0.099715
-0.058136
-0.224590
0.375572
0.249095
-0.439293
-0.071109
-0.212887
0.123605
-0.174860
-0.110827
0.126198
0.159394
-0.130009
-0.155595
0.277276
0.042657
-0.245135
-0.341023
0.229352
0.270285
-0.223067
-0.131976
-0.211747
0.158063
-0.013413
-0.273592
0.169428
-0.389958
0.085002
-0.111350
0.207684
-0.007183
-0.053540
0.043684
0.031675
0.112809
-0.117455
0.323579
0.110118
-0.055196
-0.261365
-0.074843
-0.028560
-0.125712
0.336802
0.110352
-0.149064
-0.251348
0.020528
-0.077378
-0.356732
0.166532
0.247009
-0.212862
0.333772
0.048368
0.181995
0.110738
0.286960
-0.221610
-0.150585
0.097813
-0.361682
-0.299231
0.074190
-0.006164
0.180522
-0.300259
0.307996
-0.015457
0.390273
-0.278351
-0.015739
0.009666
0.089102
-0.088511
-0.246192
-0.085482
-0.063496
-0.346372
0.234082
0.218864
-0.204063
0.338879
-0.294116
-0.332612
-0.105688
0.125351
0.238927
0.064161
-0.003737
-0.030104
-0.136838
0.079292
-0.326986
-0.264272
-0.086364
-0.321675
-0.167327
-0.189558
0.299246
-0.358266
-0.001204
-0.189302
0.187242
-0.168409
0.179094
-0.147421
0.176868
0.131721
-0.014969
-0.010486
0.029117
0.095774
0.080200
0.208173
-0.308618
-0.319479
0.063716
0.129092
0.212332
-0.556193
-0.185672
-0.183602
0.325578
0.188397
-0.130198
0.057654
0.311493
0.188056
0.251644
-0.229012
-0.361354
0.088699
-0.020582
-0.119447
-0.230656
0.066765
0.123014
-0.250057
-0.063069
-0.049657
-0.218230
-0.205656
-0.266007
0.287751
0.113760
-0.223503
-0.193198
0.030596
-0.282145
-0.300276
0.168637
0.101939
0.083984
0.102552
-0.219398
-0.248699
0.102155
-0.116159
-0.292475
0.081818
0.149417
-0.010158
-0.000200
-0.027404
0.165607
0.019113
0.231512
-0.176992
-0.252969
-0.108653
0.142371
-0.299212
-0.008175
-0.302856
-0.158848
0.153758
-0.074518
-0.005040
-0.251518
-0.059321
0.128498
-0.189310
0.124877
-0.184614
-0.159482
0.238096
0.082174
0.405312
0.067055
0.089648
-0.040128
-0.239378
-0.212406
-0.282013
0.188391
-0.272890
0.319363
-0.374292
0.009692
-0.389098
0.102696
0.230124
-0.065221
-0.268994
0.251480
0.147452
-0.255107
0.090135
-0.226781
0.096774
0.104101
-0.144302
0.163573
-0.235736
0.325360
-0.155284
-0.109129
-0.206305
-0.257009
-0.264624
-0.237584
0.094316
0.045062
0.043946
0.168887
-0.076844
0.196326
0.268054
-0.030269
0.071592
0.221030
-0.214156
0.275191
-0.133512
-0.041829
-0.003377
-0.096047
0.030090
-0.193761
0.182254
-0.148685
-0.073714
-0.192711
-0.394579
-0.026573
-0.340709
-0.184938
-0.465518
0.064380
-0.150554
-0.171689
-0.265364
-0.166729
-0.392756
0.314378
-0.371707
0.163045
0.222233
-0.246774
0.046970
0.053338
-0.244469
0.172977
0.048378
0.172444
-0.010490
-0.023049
-0.258753
-0.122301
-0.388183
-0.224712
0.127846
-0.035633
-0.032866
0.042036
0.271638
0.246707
0.452646
-0.071759
-0.046226
-0.182766
0.062043
0.301442
-0.223179
0.214275
0.434085
0.338782
0.052602
0.517431
-0.157998
-0.027376
0.534172
-0.052111
-0.112928
0.051842
-0.001435
0.155594
-0.174980
0.096351
-0.223515
-0.283680
0.174172
0.347290
0.051304
0.048266
0.042057
0.282900
-0.180663
0.216220
0.254515
-0.264190
-0.302759
0.111055
0.426009
-0.305506
0.095619
0.320772
0.287072
-0.024107
-0.310884
-0.195417
0.044467
-0.365002
0.020195
-0.175698
0.209886
-0.319100
-0.273990
0.273092
0.273307
-0.097485
-0.073849
0.162315
-0.017255
-0.112309
-0.175999
-0.301537
0.310085
-0.098050
-0.416311
-0.284692
-0.009532
-0.185158
0.289318
0.128001
-0.232870
-0.151473
0.095516
-0.116392
-0.259056
0.208694
0.009529
-0.130239
-0.131497
-0.231906
-0.224933
-0.318744
-0.302102
-0.119369
-0.454255
-0.410488
0.129182
0.078518
0.241306
-0.041504
0.295571
-0.353449
0.041407
-0.314564
0.352281
0.045010
-0.049854
-0.082025
0.242178
0.521210
-0.241911
-0.010923
-0.034265
0.307596
0.129050
0.174655
-0.256059
-0.100691
0.232425
-0.124050
0.104759
0.269720
0.056847
-0.200523
-0.025686
0.217261
0.096962
-0.231533
-0.138393
-0.114369
-0.059552
-0.071994
0.029160
-0.451223
-0.133419
0.244097
0.062901
0.195865
0.362217
-0.003640
0.227617
-0.140409
-0.236901
-0.013314
-0.350385
0.383578
0.022069
-0.091942
-0.047368
-0.252268
0.349774
-0.202851
0.139333
-0.096866
-0.083118
0.171178
0.000864
0.216353
-0.305562
0.298635
-0.153703
-0.190599
-0.294216
0.127818
-0.148493
0.140088
-0.215429
-0.247920
-0.143966
-0.004175
0.229507
-0.226595
0.125081
-0.363203
0.127880
-0.146700
-0.256390
-0.132839
-0.211405
0.115066
0.022294
-0.044853
0.047797
-0.364499
0.308465
-0.306211
-0.189502
-0.097930
0.391181
0.091606
-0.003399
-0.103865
0.204865
0.051644
-0.137978
-0.341157
-0.049446
0.062947
-0.245471
0.112603
-0.053320
-0.182959
0.305134
0.197744
-0.186014
0.410509
0.204236
0.021112
-0.088400
0.244900
-0.153245
0.229507
0.009803
0.320700
-0.274555
0.092757
-0.507941
0.065694
-0.488261
-0.105850
-0.173616
-0.088450
0.031969
0.213513
-0.220966
-0.287433
-0.193097
0.149111
0.198966
0.072665
-0.090970
-0.194400
0.152389
-0.011517
-0.115211
-0.246181
-0.123686
-0.120620
0.160587
0.105523
0.424892
-0.327568
0.254378
-0.184514
-0.215942
-0.338152
0.240823
0.187224
0.218356
0.164657
-0.235906
0.279800
-0.109654
0.054915
-0.339630
0.044654
0.474026
-0.138570
0.284240
0.259124
0.361057
0.004264
-0.216351
-0.073573
-0.357483
0.069908
0.335121
-0.002335
0.237017
0.410514
-0.076920
0.392516
0.291634
-0.046138
-0.097578
-0.184804
-0.098248
-0.311778
0.234799
-0.307575
0.020390
0.118991
0.243440
0.110290
0.124294
-0.143312
-0.208785
-0.178724
0.266815
-0.225410
-0.032194
-0.040690
-0.214516
0.354989
-0.187180
-0.494173
-0.126015
-0.095819
0.001986
-0.112000
-0.300032
-0.097077
-0.165910
-0.137935
-0.034687
0.191009
-0.069328
0.175984
-0.632097
-0.272234
0.062425
-0.166315
-0.241257
-0.254076
-0.337390
0.169068
-0.085175
-0.035222
-0.118334
0.373699
-0.675930
-0.357159
-0.069659
-0.582059
-0.643745
0.378107
-0.647105
0.009867
-0.176473
-0.244580
-0.073874
0.058844
-0.185976
-0.264203
0.126974
-0.029170
-0.082042
-0.167795
-0.112986
0.244961
0.002478
-0.006602
-0.270494
-0.528320
-0.054961
0.168717
0.461989
-0.376654
-0.173304
-0.365097
0.050528
-0.099163
-0.045358
-0.489072
0.115689
0.129793
-0.314283
-0.299692
-0.050184
-0.185031
-0.340013
0.151782
-0.603295
-0.099833
0.041821
-0.284828
-0.423936
-0.329044
-0.062426
0.089335
-0.258084
-0.145048
-0.113285
-0.102081
-0.257650
-0.682099
-0.313607
-0.040982
-0.023185
0.297113
-0.248608
0.248967
0.058491
-0.038376
-0.574391
-0.091833
0.201772
-0.509175
0.063076
-0.368324
0.022034
0.262783
0.045937
0.026040
-0.001604
-0.381931
0.130819
0.156404
-0.191400
-0.082134
-0.158388
-0.335098
0.202727
0.226968
-0.345444
-0.167206
-0.369863
-0.013921
0.145798
-0.141987
0.088766
-0.206389
-0.102035
-0.249579
-0.200693
-0.075137
-0.449129
0.351657
0.385238
0.003552
-0.028980
0.110921
0.174593
-0.166123
-0.275598
-0.305835
-0.025066
-0.262546
-0.220148
-0.050749
0.041420
-0.125722
-0.512365
0.189687
-0.403780
-0.073782
-0.128950
-0.189127
-0.447084
-0.113287
-0.216835
-0.343334
0.074330
0.104301
-0.004108
0.031894
0.029457
0.169829
0.318782
-0.038683
0.187475
0.222757
-0.509968
0.004700
-0.598651
0.012819
-0.274131
-0.318468
-0.247812
-0.389676
0.403488
-0.514452
0.124250
-0.379520
0.157369
-0.345125
0.299524
-0.217101
0.301335
-0.361689
0.047575
0.328963
-0.309397
0.144544
0.046634
-0.269384
0.136770
-0.257069
-0.570753
0.129161
0.147402
0.067194
0.157972
-0.479024
-0.224243
0.112163
0.222284
0.058451
-0.188694
-0.180993
-0.222901
-0.265150
-0.231807
-0.445833
-0.084146
-0.210637
0.055554
-0.053325
0.252632
0.106838
-0.023048
0.143388
0.033106
0.328856
-0.001377
-0.187330
-0.410989
-0.116512
0.193607
-0.315701
-0.119008
0.069388
-0.161431
-0.416113
-0.247750
-0.424717
0.374197
-0.521040
0.265669
-0.460971
-0.193300
-0.339120
-0.036620
0.097813
-0.254479
-0.354134
-0.493180
0.302569
0.036015
0.217018
0.040428
-0.056420
-0.076732
-0.160922
-0.208485
-0.396336
0.099874
-0.216045
0.142464
0.175428
-0.089975
0.164935
-0.207080
-0.431644
0.072349
-0.185174
-0.226853
-0.396401
-0.186489
-0.406074
-0.169606
0.137831
-0.153356
0.136569
-0.101618
0.054226
-0.218380
0.134875
0.022182
0.165802
-0.059887
-0.140205
-0.047114
-0.062085
0.320252
-0.056611
0.078900
0.190671
-0.030390
-0.114735
0.087231
-0.369653
-0.156094
0.096634
0.248811
-0.266973
-0.191661
0.268274
-0.128544
-0.000400
-0.272420
-0.221769
0.137886
0.127812
-0.045533
-0.225985
0.049149
0.240560
-0.369487
-0.126976
0.270163
-0.286861
-0.012492
-0.062796
0.044305
0.157285
0.197855
-0.287412
0.115059
0.075391
0.011601
-0.035254
-0.052191
0.143071
-0.133071
0.301175
-0.106256
0.293729
0.229066
0.178839
0.163225
-0.413051
-0.362104
0.009378
-0.151943
0.269710
-0.226014
0.209767
0.199162
-0.003254
-0.598702
0.191090
-0.037615
-0.610481
-0.221681
-0.209692
0.414671
0.042815
0.020962
0.000179
-0.089993
0.059975
-0.043006
0.155388
-0.056966
0.364261
0.141651
-0.536028
-0.320414
0.290116
-0.227726
-0.585944
-0.104719
0.036744
-0.047840
-0.060101
0.267764
0.227071
0.023862
-0.087181
-0.245415
-0.255942
0.171522
-0.218148
0.018141
-0.111434
-0.019163
-0.186899
-0.182172
-0.371231
-0.625476
-0.051363
0.310200
-0.055331
-0.143886
0.303671
-0.014389
0.027820
-0.320244
0.092187
-0.230134
-0.145630
0.119242
-0.004289
-0.314515
-0.091596
-0.226170
-0.366073
-0.265543
0.348205
0.337836
0.108650
-0.108326
0.106083
-0.345275
0.102810
-0.496167
0.081387
0.196457
-0.148780
-0.163080
-0.327053
-0.086119
-0.275903
0.120499
-0.170330
0.014401
-0.157552
0.218032
0.080686
0.190848
-0.336591
0.194433
0.265086
0.146383
-0.179054
-0.324900
-0.104864
0.028268
0.032507
-0.263587
-0.275324
0.023082
-0.044745
-0.110636
-0.382200
-0.854237
-0.051961
0.371158
-0.268655
0.113906
-0.322352
-0.125671
-0.039358
0.117564
-0.194399
0.204429
-0.116207
0.010136
0.164350
0.288344
-0.169358
-0.432120
-0.383779
-0.098937
-0.315942
-0.190682
0.240810
-0.434830
0.429247
0.015557
0.249404
-0.083071
0.038420
-0.017569
0.192880
0.175985
0.079710
-0.385797
0.256192
-0.610476
-0.350805
-0.422657
0.170809
-0.182109
0.140554
-0.520934
0.207975
-0.318863
0.266974
0.198963
-0.571617
0.031570
-0.175924
-0.330128
-0.178100
-0.438737
0.071666
-0.436682
0.298406
0.115584
0.185538
0.118674
-0.174750
0.005187
-0.590762
-0.026945
-0.234001
0.250199
0.177579
-0.172224
-0.279173
0.221095
-0.083620
0.315848
0.220299
-0.065742
0.352738
-0.123682
-0.034373
0.264137
-0.099048
0.166108
0.073908
-0.014350
0.218822
0.057558
0.143560
0.163750
0.128186
-0.039960
0.098438
0.145119
-0.254650
0.344504
-0.060688
-0.257636
-0.069118
-0.139548
0.167289
-0.137490
-0.002682
0.065843
-0.418946
-0.162817
0.111271
0.353134
0.356639
0.262571
-0.157201
-0.006483
0.454773
0.321105
-0.086527
-0.050027
-0.202958
-0.117630
-0.355525
0.065682
-0.273083
-0.646389
-0.400066
0.187865
0.148930
-0.016670
-0.424021
-0.105217
-0.265092
0.037461
0.198455
-0.625675
0.074887
-0.069098
0.290288
-0.234792
0.183744
0.349306
-0.396491
0.198110
0.234971
-0.112892
0.090271
0.033685
0.031693
-0.153709
-0.201520
-0.566936
0.135795
-0.105006
0.043819
-0.350513
-0.207431
0.413240
-0.023664
-0.159846
0.150547
-0.076154
-0.428011
-0.411158
-0.437991
0.112088
-0.090816
-0.590519
-0.034273
-0.004226
-0.334150
0.047870
-0.195558
-0.225145
-0.193678
-0.342899
-0.266827
0.228956
-0.248903
0.040907
-0.152525
-0.166182
0.258685
-0.365826
0.340963
0.253496
0.085703
-0.102481
0.323282
0.371829
-0.586339
0.144818
-0.123019
-0.359764
-0.059717
-0.011169
-0.269754
0.041302
0.138724
0.124885
