10
300
0.146676
-0.173634
-0.147979
0.210625
0.110123
-0.207356
-0.090695
0.196109
-0.270423
-0.022772
0.124883
-0.041813
0.226562
-0.021029
-0.104464
-0.207851
-0.310258
-0.363780
-0.185749
-0.206880
-0.179035
0.109417
-0.358355
-0.067354
0.064060
0.119342
-0.128064
0.244499
0.318418
0.011844
-0.062993
0.057542
-0.389533
0.319118
-0.056935
0.252113
-0.314480
-0.239940
0.198216
-0.030897
0.206413
-0.230121
-0.431471
0.015366
-0.392513
-0.048120
-0.227777
-0.269223
-0.005670
0.046612
-0.090689
0.138897
-0.054754
0.071179
0.073537
-0.045918
-0.242283
0.339904
-0.485986
-0.080072
0.137609
0.198015
-0.337848
0.132863
0.008972
0.069153
0.237993
0.334021
-0.298509
0.125030
-0.016245
-0.200161
-0.333832
-0.004125
0.138003
0.074492
-0.236739
-0.397199
0.246412
0.225257
0.285833
0.132074
-0.291995
-0.032609
-0.109139
0.140970
0.064241
0.274863
0.096283
-0.149918
-0.098942
-0.098790
-0.267469
0.041269
0.032917
-0.295184
-0.128137
-0.029051
0.089413
-0.015239
-0.255070
0.168580
0.064796
0.101971
-0.038067
0.239105
-0.224266
-0.028951
0.144533
-0.063212
0.188990
0.048059
0.202087
0.233405
-0.245105
-0.307006
0.156709
-0.067921
-0.059874
0.240206
0.011125
-0.033157
-0.026317
-0.135973
-0.129188
-0.179380
0.114725
0.038196
-0.302649
0.184252
-0.187933
-0.204650
0.151837
-0.058987
-0.103786
0.025669
-0.476655
-0.138229
-0.085306
0.138657
0.122598
-0.164878
-0.002106
-0.047486
-0.289837
-0.004909
0.259019
-0.164492
-0.385703
-0.261747
-0.065527
-0.050285
-0.283527
0.110503
0.132635
-0.107950
-0.074409
-0.001087
-0.227495
-0.053850
-0.140210
0.106978
0.241561
-0.144295
-0.306699
-0.311460
-0.177966
-0.351114
0.067381
-0.090925
-0.393760
0.096347
0.093890
0.088973
-0.272167
-0.242251
0.122702
-0.180825
-0.050563
0.103860
0.076307
0.277948
0.066921
0.039887
0.153986
-0.312940
-0.245872
-0.179007
0.097121
-0.141104
0.150876
-0.139778
-0.178578
-0.220719
-0.345212
-0.154459
-0.124311
-0.148563
-0.013999
-0.038942
0.242160
0.061656
0.142285
0.016423
-0.006420
-0.265051
0.144107
-0.415379
0.200587
-0.115906
-0.409485
0.096084
-0.058886
0.236146
-0.165611
-0.028489
-0.321821
-0.030306
-0.331442
-0.329447
-0.490664
-0.085782
-0.019161
-0.313096
0.013044
0.153837
0.069071
-0.385807
-0.215822
-0.080888
-0.121443
-0.235451
-0.268503
-0.154038
0.159890
0.064328
0.170265
0.323145
-0.288442
0.059713
-0.016577
-0.185057
-0.106870
-0.325770
-0.112494
0.148483
0.192168
-0.111057
-0.117876
-0.453810
0.148037
0.057376
-0.048969
-0.022908
-0.032548
-0.424357
-0.303884
-0.095523
-0.158072
0.024811
0.010793
0.268898
0.334834
0.313695
0.185464
0.255153
0.067602
-0.072382
0.354861
0.056426
0.042172
0.017186
-0.162651
-0.308838
0.279514
-0.025741
-0.381234
0.315119
-0.278156
0.049739
-0.221037
0.168082
0.217445
0.279275
-0.185568
0.110560
-0.380359
0.069020
-0.181348
0.090261
-0.169919
-0.285190
-0.023190
-0.277049
-0.099916
-0.128842
-0.260999
-0.262359
-0.337192
-0.046633
-0.164927
0.295646
-0.378716
0.222139
-0.185562
-0.032458
-0.135899
-0.032711
-0.198970
-0.036172
-0.271201
-0.016153
-0.238901
-0.048002
0.029786
0.139532
-0.314301
0.227791
-0.120427
0.003782
-0.065211
0.258811
0.289045
-0.054510
0.144274
-0.294330
-0.027286
-0.034789
-0.115596
0.247807
0.145301
0.171240
0.204605
-0.284399
-0.041550
-0.246989
-0.138337
0.201999
-0.029368
0.093691
-0.029991
0.053351
-0.137436
0.159034
0.296273
-0.165605
0.170515
-0.153742
0.221829
-0.176270
0.325810
0.083987
0.204559
0.086937
0.213448
-0.121736
0.032326
0.254436
0.073835
-0.307149
-0.310298
0.162386
-0.405918
0.192876
0.384828
0.153455
-0.028793
0.042086
0.016965
-0.328560
0.182898
-0.239166
0.273094
-0.381681
-0.235081
-0.328604
-0.198169
0.194849
-0.084995
0.022910
-0.316055
-0.205377
-0.111355
-0.126257
0.238348
-0.019893
0.013420
0.181467
0.021989
-0.139077
-0.266125
0.177118
-0.418731
-0.269907
-0.049238
-0.227657
-0.275931
-0.328493
0.175686
0.197608
-0.156798
0.088274
0.458696
-0.133353
0.262856
-0.260207
0.076334
-0.049050
-0.248229
-0.330470
-0.136584
-0.243835
-0.003268
0.067665
0.132534
-0.078861
-0.160758
-0.244542
-0.360812
-0.355974
0.176560
0.024205
0.165929
0.289675
0.196738
0.075759
-0.115656
-0.319984
-0.419212
-0.092321
0.158972
0.109797
0.378759
-0.296191
-0.285687
-0.311278
-0.202128
-0.166818
0.071081
0.073889
-0.129401
0.055771
-0.134005
-0.248421
-0.149267
0.261100
0.167088
0.049005
-0.154089
0.250152
0.184299
-0.357730
-0.023036
0.179010
-0.341079
-0.212041
0.033225
0.011957
0.067845
0.071621
0.126995
0.372863
-0.053812
-0.251710
0.120832
0.139887
-0.368676
-0.240439
0.231256
-0.008657
-0.255474
0.058415
0.090348
-0.203166
0.154015
-0.386741
-0.111130
0.110224
0.068426
0.112369
0.161415
0.163992
-0.213838
-0.194218
-0.224685
-0.112672
-0.034670
0.111949
0.141146
-0.221371
0.056658
0.131295
-0.120642
0.168620
0.212849
-0.114579
-0.002802
-0.233652
0.114287
-0.513045
-0.342559
-0.189265
0.190125
0.166467
0.044020
-0.075404
0.057266
0.088752
0.012750
0.248629
0.083814
0.140684
-0.231524
0.185906
-0.218364
-0.204265
-0.394015
0.227162
0.279971
-0.353427
-0.181759
-0.383016
0.219850
0.212535
-0.284094
-0.310719
-0.265545
-0.118032
-0.018173
-0.460408
-0.135701
0.018060
-0.192328
-0.248722
-0.015008
-0.263120
0.252210
0.049922
0.031671
-0.097032
-0.022597
0.149137
-0.120394
0.244735
0.223077
-0.088697
0.288278
-0.222000
-0.045182
0.163552
-0.340567
-0.366107
-0.019690
-0.228460
0.331190
0.213949
0.089466
-0.269618
-0.038225
-0.165987
0.255756
-0.228053
-0.194165
-0.053198
-0.136883
0.133051
0.101076
-0.157857
-0.168959
0.142567
-0.345400
-0.221647
-0.143870
-0.039312
-0.142137
-0.103217
-0.066516
-0.289676
-0.113697
-0.188720
-0.137164
0.186263
-0.265054
0.204119
0.016325
-0.246789
0.138579
-0.215108
0.210775
0.000942
0.060363
0.247008
-0.005510
0.022417
-0.325446
-0.092701
0.041094
-0.363702
0.253483
-0.424204
0.096651
-0.064064
0.043679
-0.297425
0.094969
0.225964
0.175252
-0.300944
0.401879
0.007211
-0.204727
-0.212932
0.000325
-0.096658
-0.475328
-0.278157
0.178189
-0.465629
-0.213323
0.236323
0.012947
-0.232402
0.215974
-0.162467
0.114472
-0.196652
0.155133
0.164446
-0.308101
0.335888
-0.497995
-0.398483
-0.048527
0.126994
-0.107517
-0.384985
0.124084
-0.332756
-0.121192
0.152844
0.091350
0.334138
-0.258010
0.125652
-0.110746
-0.092164
0.172834
-0.161077
-0.019069
-0.223043
-0.249248
-0.244713
0.079840
-0.028794
0.104509
0.025646
0.304640
-0.040171
0.145614
-0.411440
0.071618
0.187319
-0.158060
-0.410580
-0.138796
0.324331
-0.076264
-0.285120
-0.432681
0.376386
-0.385647
0.340783
0.186247
-0.124974
-0.033008
-0.003453
0.192504
-0.030179
0.214907
-0.043257
0.027046
0.130928
0.022296
-0.037816
0.244783
-0.143700
-0.203727
0.257981
-0.376560
0.135662
0.271246
0.163131
-0.052088
-0.175129
0.181148
-0.382271
-0.438371
-0.180491
-0.347717
-0.050844
-0.239507
0.045525
-0.153844
-0.132473
-0.456066
-0.244871
-0.056993
-0.333994
-0.046029
0.154363
0.023243
-0.005639
-0.182475
-0.381771
-0.313967
-0.012861
0.010239
-0.007458
-0.194780
0.009916
-0.102529
-0.335053
-0.085590
-0.284344
0.103462
-0.071589
0.065267
-0.375025
-0.004882
-0.307717
-0.009931
0.195617
0.407129
0.180199
-0.144934
-0.239746
-0.262083
-0.395276
-0.005849
0.222650
0.221358
0.310850
0.036603
-0.201830
0.028544
-0.242164
0.085379
-0.273959
0.234466
0.136419
0.331694
0.182912
-0.266671
-0.236645
-0.350047
0.183464
0.231188
0.149727
-0.186186
-0.095099
0.178762
0.147847
0.197564
0.356142
0.191225
0.174642
-0.207235
-0.182339
-0.112005
0.063950
-0.213400
-0.242935
0.122985
-0.243281
-0.040808
-0.408662
-0.112101
-0.301336
-0.368528
-0.164176
0.335245
-0.345845
-0.141020
-0.175236
-0.072975
-0.099490
0.007023
-0.222190
-0.062488
0.037659
0.394106
-0.247098
-0.228802
0.258178
-0.102333
-0.026776
0.119044
0.054404
0.173240
0.146334
-0.411315
-0.139045
-0.328773
-0.200348
-0.110147
-0.022445
-0.255921
-0.009134
0.277937
0.016740
-0.267379
-0.538098
0.223915
-0.040378
-0.060161
-0.040938
0.306876
0.353294
0.110093
-0.125454
0.078341
-0.309740
0.061088
-0.419134
0.320429
0.461600
0.177908
0.050918
0.027829
0.125063
0.238516
0.235486
0.376682
-0.426272
-0.331592
-0.084616
0.231251
-0.118815
0.401436
0.202518
0.229627
-0.246301
0.273822
0.312501
0.138209
-0.239147
-0.246001
0.259374
-0.362767
0.032641
-0.092908
-0.343209
0.121509
0.209284
-0.263243
0.050973
-0.350495
-0.191197
-0.075779
0.266067
0.370129
-0.010914
0.031698
0.173981
0.206364
0.065093
-0.281042
0.058125
-0.217343
-0.061225
-0.104604
-0.265523
0.233152
-0.116774
0.308095
0.064755
0.017243
0.000478
0.260620
0.227145
0.184116
0.272295
-0.312426
-0.038982
0.150738
0.141274
-0.238145
0.364318
0.373798
0.123692
0.112574
-0.293067
-0.043726
0.186659
0.456288
-0.244827
-0.223517
0.036980
0.355787
-0.288406
0.096617
-0.187958
-0.225085
0.063490
0.056479
0.064406
-0.046846
0.090256
-0.253589
-0.115387
-0.060567
0.259731
-0.276064
-0.338273
0.121860
-0.233045
0.022745
0.265029
-0.067854
0.002751
0.030814
-0.260222
0.087013
-0.335221
0.147154
0.041760
-0.115825
-0.425930
-0.047055
0.033696
-0.137866
-0.174103
0.278148
-0.320344
0.201979
0.202863
0.037757
0.092777
0.002549
0.381419
0.173348
0.061871
-0.496496
-0.413942
-0.067690
-0.060749
-0.162732
-0.111140
0.130385
-0.313097
0.641485
-0.328262
0.078888
0.046761
0.087708
0.002098
-0.047481
0.046876
0.055212
-0.101459
0.197406
-0.230391
-0.001527
0.474144
-0.000875
-0.460318
0.071173
-0.079698
0.310540
-0.270310
-0.109463
-0.302672
0.249672
-0.196047
0.133096
-0.197206
-0.402967
-0.054090
0.044290
-0.001077
0.015102
-0.014689
-0.361946
-0.142905
-0.162852
-0.364131
0.142434
-0.320828
-0.276147
0.013354
0.145780
-0.302447
0.209488
0.222595
-0.338382
0.038099
-0.424842
-0.299417
0.232593
0.203549
-0.074932
-0.106336
0.088953
-0.015322
0.391671
-0.128274
0.402720
-0.274310
0.127135
-0.007392
-0.588768
-0.009294
0.022960
-0.201218
-0.284751
-0.149366
-0.125497
-0.372851
-0.178227
0.095937
0.018931
-0.029171
-0.174917
0.304645
0.170764
0.088141
-0.143583
0.238128
0.044470
-0.105884
0.161071
0.091879
-0.354626
0.007419
-0.200130
-0.163294
0.263989
-0.240575
0.031554
0.239959
0.043095
-0.102220
-0.042431
-0.307858
-0.361591
0.208021
0.069122
-0.074445
0.381943
-0.240678
-0.404761
0.110929
0.099599
0.267552
0.155064
-0.042680
-0.056036
-0.176819
-0.164061
0.269431
0.257482
-0.054382
0.157838
0.171931
-0.016927
0.224193
-0.430075
0.071659
-0.137921
0.049655
-0.056400
0.280000
-0.172094
-0.130710
0.225366
-0.432326
-0.096857
-0.111038
0.343622
-0.044649
0.228384
-0.179317
-0.212396
0.024162
-0.279594
-0.158368
-0.170141
0.451946
-0.238543
0.081090
-0.440261
-0.416201
0.219175
-0.168531
-0.336015
0.171520
-0.116666
-0.314894
-0.027874
-0.072466
0.275774
-0.501494
0.095333
-0.229076
-0.189986
0.008823
0.395131
0.214957
-0.010233
0.145345
0.120624
0.007132
-0.450689
-0.280042
-0.081493
-0.216700
-0.192130
-0.441411
0.142070
0.086574
0.043266
-0.083522
0.266015
-0.364967
-0.000774
0.224958
0.195407
0.172413
-0.178103
-0.210670
0.371279
-0.212335
-0.021373
-0.192358
0.128300
-0.158649
0.016535
0.130798
-0.295769
-0.515266
-0.004349
-0.353185
0.182429
0.059078
-0.221175
-0.216708
-0.135532
-0.208127
-0.042881
-0.323036
-0.357672
-0.314525
0.304779
-0.459624
0.029882
-0.249269
-0.168761
-0.072994
-0.426159
0.063737
-0.267406
-0.245220
-0.502600
0.125905
0.381102
-0.234903
-0.293801
-0.072333
-0.056351
0.117673
-0.043979
-0.161685
0.105481
-0.326239
-0.297435
0.170079
0.097752
0.031271
-0.155449
-0.098456
0.096199
0.075116
0.249531
0.369630
0.319447
-0.214587
-0.310986
-0.253349
-0.479707
-0.114923
-0.423999
-0.362452
0.214363
-0.318699
-0.307867
0.016257
-0.391904
-0.017426
-0.277435
-0.466775
-0.191575
0.257059
-0.098142
-0.239952
-0.002627
0.276630
-0.197369
-0.215567
-0.097794
0.355259
0.435629
-0.122757
0.241059
0.383898
-0.165535
-0.098166
-0.077431
0.208969
-0.281323
-0.116927
-0.322661
-0.083857
0.223337
0.349363
-0.071435
-0.297715
-0.044230
0.026060
0.030994
-0.390347
-0.541980
-0.353333
-0.230010
-0.037440
-0.128911
0.073121
-0.074540
0.248398
-0.481191
-0.480660
0.124105
0.145728
0.091858
0.077753
-0.514123
0.215693
0.058088
0.030457
0.120772
-0.266380
0.302425
0.144504
0.038133
-0.162843
0.122500
-0.103915
-0.094472
-0.029953
-0.258589
-0.379855
0.104664
-0.158002
-0.369227
0.281513
0.133273
0.027501
0.025563
-0.114546
0.013069
0.262468
0.127355
-0.157751
-0.317552
-0.189765
-0.150876
-0.381481
-0.225773
-0.161354
0.162685
0.084863
-0.021970
0.191540
0.313528
-0.234248
0.121651
-0.189033
-0.138005
-0.182625
-0.202904
0.331447
-0.133082
-0.379772
0.059982
0.167104
-0.136013
0.038319
0.057426
-0.112691
-0.537466
-0.160948
-0.336138
0.149588
0.258665
-0.237475
-0.282750
-0.123856
0.027303
0.088672
0.164945
-0.241084
0.080366
-0.154426
-0.424449
-0.012753
-0.061502
-0.246495
-0.207662
-0.145979
0.026173
0.168127
0.085744
0.335208
-0.166259
-0.131916
0.044460
-0.018306
0.197165
-0.267533
0.354587
0.155158
0.014905
0.224187
0.223142
0.070449
-0.124258
-0.378084
0.200828
0.376799
0.275432
-0.031816
-0.436238
-0.163951
-0.269091
-0.161033
-0.169223
-0.258059
-0.063846
-0.188237
-0.107824
0.077756
-0.183349
-0.284839
-0.260806
0.149205
0.052934
0.239823
-0.520324
-0.239359
-0.249663
-0.323652
-0.288221
0.148187
-0.147450
-0.344641
-0.251648
-0.043982
-0.004759
0.185408
0.355655
-0.391546
0.179854
-0.289517
0.194168
-0.285099
0.146091
0.431646
-0.078129
-0.174210
0.024658
-0.248321
0.080284
-0.606200
-0.090860
0.079326
0.186096
0.220617
-0.020881
0.195417
-0.353909
0.090497
-0.443687
0.008760
0.030407
-0.220995
-0.024269
-0.030675
-0.239285
-0.086316
-0.288600
-0.258765
-0.138272
0.296642
-0.120496
-0.181994
0.270353
-0.221326
0.086522
-0.033722
0.276603
-0.247252
-0.184379
0.066580
-0.155234
0.109348
-0.347971
0.272075
0.170062
0.015618
0.182446
-0.404164
0.073420
-0.261094
0.211203
0.141310
-0.058991
-0.043145
-0.373432
0.095365
0.304210
0.021590
-0.250564
-0.008644
-0.281831
0.300795
-0.467780
-0.211312
-0.060251
-0.000677
0.100547
-0.219752
-0.289209
0.141097
0.309217
-0.032753
0.043796
-0.194839
-0.145919
0.150548
-0.376064
-0.116208
-0.230467
0.454918
-0.047034
-0.226125
-0.011760
-0.263911
0.250554
-0.282339
0.307186
0.177272
-0.078092
-0.162364
0.148073
0.358719
-0.228071
0.013921
-0.119934
-0.054408
0.260591
0.211811
-0.236779
0.525683
-0.469284
-0.298959
-0.068956
-0.290293
-0.034744
-0.313396
-0.175846
0.081159
0.201230
-0.075278
0.025388
-0.281687
0.057674
-0.083012
0.017827
-0.033186
-0.122381
0.136691
0.157465
-0.174636
-0.397852
0.005869
-0.188318
-0.147476
-0.098059
0.268650
-0.299917
-0.219700
0.106149
0.019729
-0.059693
-0.177681
0.137323
0.161228
-0.135679
-0.243692
-0.137713
-0.150550
-0.213622
-0.226889
-0.343812
0.014151
0.041656
0.520316
-0.150275
-0.364457
0.260055
0.431913
0.356086
-0.027149
-0.248754
-0.393445
-0.124685
0.033789
0.424464
-0.282577
-0.201932
0.140736
0.536349
-0.272246
0.077933
-0.361961
-0.140681
-0.215722
0.061993
-0.028059
0.029880
-0.229629
-0.209577
0.289364
0.324305
-0.227416
-0.001757
0.544927
-0.077275
0.256043
-0.228345
0.185424
0.199229
-0.045348
0.121825
0.257890
-0.095305
0.241904
0.138327
-0.464643
0.097567
-0.300471
-0.295243
-0.201392
-0.194653
-0.056029
0.474003
-0.144751
0.228507
-0.334662
-0.281774
-0.073187
0.355081
-0.057396
-0.056643
0.131656
-0.008587
0.055364
0.007710
0.385902
0.195514
0.228752
-0.387976
0.126629
-0.237470
0.258348
0.448936
0.205898
0.234328
0.054684
0.500469
0.054648
0.054937
-0.312037
-0.072575
-0.364739
0.094364
-0.091745
0.216176
0.008282
0.126613
-0.177640
-0.291550
0.000647
-0.257133
0.010472
0.642755
-0.226805
-0.338434
0.202041
0.536509
-0.270021
0.148298
-0.287556
0.243953
-0.604932
0.327199
0.063508
0.054158
0.019425
-0.032737
0.111686
0.189689
-0.118364
0.152923
0.319783
0.064667
0.020314
-0.214105
-0.073444
-0.272782
-0.417234
0.075047
0.022531
0.224402
0.182227
0.051181
0.096679
0.395458
0.303926
0.048594
0.445804
-0.180216
-0.166189
0.244038
0.200587
-0.021094
-0.160888
0.121491
-0.183336
-0.294825
-0.312285
-0.397628
0.249690
0.296709
-0.379718
-0.281173
-0.148968
0.236932
-0.171144
-0.041591
0.429395
0.120974
-0.491513
-0.322449
0.115829
-0.235787
-0.145204
0.091541
-0.211556
-0.337459
-0.106801
-0.167174
-0.074554
0.012851
-0.203556
-0.154018
-0.483886
0.014351
0.511701
-0.231156
0.078570
-0.110290
0.159855
0.035894
0.614488
-0.037948
0.089296
-0.151937
0.159822
-0.040517
-0.197217
-0.192097
-0.310904
-0.030883
0.296526
0.289050
0.106475
-0.132568
-0.091860
0.053341
-0.175729
0.053572
0.140586
-0.138781
-0.101217
-0.262606
0.031867
-0.157326
0.352583
-0.197856
0.207349
0.079990
0.323134
-0.113436
-0.279236
0.261875
-0.419301
-0.327722
-0.150931
0.160528
-0.001036
-0.204311
-0.114226
-0.490341
0.292005
-0.210952
0.401412
-0.101803
-0.162759
0.111222
-0.192974
-0.000162
-0.135945
0.573620
0.303478
0.068811
-0.039873
-0.297213
0.061020
0.022681
0.172482
-0.101075
0.411517
0.125762
0.304179
-0.236979
0.046386
0.406236
0.014704
0.163033
0.181244
-0.388375
0.023537
-0.078397
-0.139287
0.333744
-0.014218
0.001851
-0.153430
0.464847
-0.260044
-0.154044
-0.283617
-0.367088
-0.129210
-0.189287
0.531215
0.618820
0.262933
0.045695
-0.105853
0.257311
-0.280627
-0.012444
0.110517
0.179122
-0.032282
0.276096
-0.174135
0.388208
0.149827
0.272727
-0.288016
0.376337
-0.349831
0.328110
0.177839
0.152985
-0.345571
-0.279374
0.195891
-0.205418
0.212132
-0.064904
-0.059105
-0.222707
0.336917
-0.307043
-0.137233
0.121458
0.480386
-0.060806
-0.015135
-0.383169
0.270419
-0.011065
-0.270432
-0.040999
0.113554
-0.080828
0.066870
0.023145
-0.013826
0.256793
-0.136937
0.074722
0.133694
-0.051412
-0.118577
0.142045
-0.104846
-0.394895
-0.170205
-0.042690
0.024376
-0.312469
-0.074988
-0.410420
-0.114620
0.234987
0.062379
0.091999
0.224961
-0.249723
0.148632
0.099115
0.123784
-0.139263
-0.350137
0.124993
0.284303
0.176387
-0.339406
-0.129453
-0.393357
0.382492
0.269682
0.429940
-0.080957
0.067843
-0.207522
-0.156368
0.234867
-0.022997
0.097976
-0.271673
-0.070462
-0.102857
-0.083789
-0.315857
0.159882
-0.228733
0.185746
-0.218903
0.122141
0.120647
0.281002
0.052099
-0.203777
-0.134127
0.021432
0.227519
-0.136958
-0.308638
-0.098221
-0.201681
-0.280773
-0.117869
-0.063879
0.107146
0.240262
0.241966
-0.348652
0.188392
-0.100696
-0.407392
-0.340867
-0.311912
0.048985
-0.065917
-0.089211
-0.376877
0.175826
-0.061324
0.062274
-0.004561
-0.301721
0.092207
-0.189892
-0.122115
0.162188
0.328090
-0.154916
-0.207240
-0.244790
0.092504
0.195057
-0.053168
-0.226062
-0.114676
-0.209788
-0.128623
-0.134154
0.047090
-0.082859
0.261126
-0.038688
-0.050946
-0.094173
-0.083907
-0.331803
0.166676
0.249867
0.264268
-0.361127
-0.000416
0.065506
-0.134947
-0.267228
0.209741
0.202797
-0.311415
-0.252058
-0.288397
-0.124136
-0.282764
0.207728
-0.419918
0.162427
-0.216060
0.175371
-0.240092
0.174237
-0.257674
-0.043709
-0.105425
-0.073501
-0.067646
0.125934
-0.167389
0.198706
0.347079
-0.131291
0.211769
-0.220825
0.160114
0.054667
0.142213
-0.085555
0.169590
0.127335
-0.296956
-0.278124
-0.434708
-0.292636
0.191350
-0.064165
-0.035003
-0.091209
-0.137030
0.337751
-0.402413
0.104519
0.107624
0.069852
-0.129088
-0.276399
0.250788
0.215263
-0.081478
0.093425
0.070357
-0.173954
-0.125115
0.052662
-0.178681
-0.179415
0.001636
-0.258577
0.070067
-0.194891
0.042420
0.394170
-0.050809
0.015311
-0.066652
-0.261096
-0.103507
-0.341472
-0.006686
0.060937
-0.423790
-0.036554
-0.036489
-0.178642
-0.017088
0.134560
-0.110937
-0.252696
-0.028032
0.041423
-0.375047
0.387058
0.177218
-0.142589
0.166427
-0.026807
0.074674
-0.109945
0.179530
-0.139867
0.149529
-0.134726
0.084607
-0.282050
-0.400770
-0.453160
-0.000141
-0.114028
-0.196682
-0.098973
-0.285414
-0.065116
-0.395893
0.213148
-0.034677
-0.056695
-0.437775
0.229363
-0.245220
0.190498
-0.039080
-0.011137
0.268384
-0.060276
0.359769
0.175346
-0.198381
0.041672
-0.134591
-0.126901
-0.067068
-0.492650
0.073539
-0.305695
0.019232
0.076547
0.117679
-0.270826
-0.039525
0.296550
0.039859
-0.172883
0.068790
-0.028024
-0.349897
-0.309209
-0.103833
-0.247155
-0.318109
-0.076556
-0.083149
-0.033544
-0.469899
-0.100454
-0.278665
-0.336418
-0.158188
-0.003039
-0.411266
0.080269
0.006864
0.015092
-0.278248
-0.018330
0.233224
0.082494
0.138371
-0.053167
0.224889
-0.175483
0.175583
-0.013486
0.036792
-0.111984
-0.190862
0.167765
0.222336
0.111367
-0.077231
-0.243567
-0.027262
-0.212413
0.026247
0.002996
0.023372
0.045904
0.258754
-0.250933
-0.245860
-0.322474
0.324095
-0.442529
0.222007
-0.355661
0.171139
0.415275
0.142113
0.083449
0.184003
0.038045
0.309508
0.041578
-0.276316
0.425090
0.048034
-0.003752
0.044221
0.072956
-0.137401
-0.114896
0.223143
0.214360
-0.121635
-0.161687
0.083602
-0.433940
-0.330818
0.105186
-0.147148
-0.005068
0.226455
-0.282487
-0.156724
0.318758
-0.051883
-0.110947
0.179565
-0.001474
0.191150
-0.040371
-0.273804
-0.528374
-0.215819
-0.078660
0.149559
-0.119378
0.274404
0.061179
0.203041
-0.005845
-0.327263
-0.207425
-0.061406
-0.072458
0.217119
-0.213315
0.072592
0.471229
0.266803
-0.410917
0.067751
0.425698
-0.017491
-0.245105
0.115176
-0.290450
0.023601
-0.014278
0.146516
0.005905
-0.413020
-0.306912
0.140563
0.016585
-0.109376
-0.009597
0.200519
-0.053428
-0.140225
0.167835
-0.243429
-0.211280
0.353082
0.135467
0.222305
0.335531
0.136318
-0.050949
0.368316
0.226541
-0.127075
0.163331
0.268014
-0.226567
0.119598
-0.162546
-0.205582
0.200684
-0.172617
-0.332316
-0.165632
-0.229526
-0.300881
0.416733
-0.062824
0.033326
0.009185
-0.052157
-0.099492
0.032352
-0.249877
0.335306
0.229262
-0.483677
-0.097176
0.097481
-0.136186
-0.069031
-0.147834
-0.094916
-0.048362
0.098179
0.371289
-0.070025
0.040701
0.016145
0.291207
-0.082503
-0.214080
-0.259372
-0.032720
-0.079298
-0.164843
0.291490
-0.095182
-0.425010
-0.025943
0.307477
0.029019
0.300971
0.314665
0.104802
0.059646
0.030249
-0.434841
-0.278374
-0.143556
-0.127256
0.201711
0.069590
-0.050284
-0.050663
-0.019475
-0.150352
0.506014
-0.133934
-0.230798
0.238711
0.042518
0.056011
0.498224
0.169382
-0.092628
-0.130861
-0.069916
0.340549
-0.051470
0.168797
0.239881
-0.108715
0.296193
0.188992
-0.219174
-0.092572
0.253283
-0.026354
0.035219
-0.213074
0.031615
-0.088745
-0.256588
-0.151308
-0.364989
0.081854
0.106543
0.327442
-0.411400
-0.280450
0.248811
0.296319
0.317193
-0.124657
0.307260
-0.259412
0.370159
-0.110624
-0.261135
-0.275907
-0.058395
-0.329953
0.190929
-0.362726
-0.206986
0.100606
0.245147
0.437653
-0.354903
0.006563
-0.128144
0.358950
0.200130
0.184905
-0.101659
0.311211
-0.149325
-0.257932
-0.328702
0.240935
0.005971
-0.279105
0.163640
0.022498
-0.080141
-0.126403
0.186969
-0.355202
-0.253321
-0.117676
-0.201496
-0.028661
-0.132468
-0.161443
-0.226627
0.108492
-0.364969
0.208360
0.201623
0.009727
-0.094302
-0.274175
0.019741
0.221927
-0.121973
-0.284085
0.300637
-0.043305
-0.047733
-0.338470
-0.196864
-0.308741
0.022864
0.417896
0.214085
0.224369
0.310086
-0.023929
-0.086569
0.097952
0.087754
0.383576
0.127894
-0.164050
-0.306650
0.008765
-0.233822
0.082996
0.059779
-0.403189
-0.265294
0.046457
0.060986
0.238323
-0.094951
0.243136
0.091376
-0.181841
-0.158861
0.073375
0.100988
0.148294
-0.026163
-0.400784
-0.425149
-0.133069
-0.364712
0.164101
-0.335197
0.048493
0.136654
-0.240747
-0.188398
-0.184056
0.009079
-0.108744
-0.283476
0.079043
-0.074724
-0.256363
-0.464757
0.069596
-0.078056
0.071307
0.134806
0.135574
0.015909
-0.064488
-0.140919
-0.341404
-0.232096
-0.455718
-0.286834
-0.287570
0.016810
-0.125766
0.136154
0.068310
-0.283762
0.195474
-0.488456
0.072633
-0.335485
-0.221247
0.010560
-0.086227
-0.134713
0.101333
0.213003
-0.280733
-0.024811
0.286303
0.227800
0.023786
0.258503
-0.492941
-0.181394
-0.413209
-0.466589
-0.128514
-0.062905
-0.106695
-0.333622
0.371088
0.131518
0.214405
-0.258501
-0.020659
-0.035793
-0.018606
0.010337
0.200725
0.238576
0.099209
-0.144650
-0.211570
0.007960
0.165277
-0.367869
-0.236795
-0.268656
-0.456150
-0.492313
-0.453003
-0.005932
0.156712
-0.099181
-0.130860
-0.182589
0.010283
0.024413
0.071843
-0.552175
-0.209539
0.360553
-0.184866
-0.412559
-0.206286
-0.628439
0.097876
-0.550780
-0.015657
0.004186
0.150931
-0.138301
-0.417814
-0.136439
-0.491243
-0.299778
-0.006510
-0.175461
-0.065511
-0.139518
0.114131
-0.468884
-0.136298
0.092513
0.003640
-0.171392
-0.338862
-0.361788
0.268480
-0.413108
0.022559
-0.468837
-0.266662
-0.470069
-0.006584
0.121813
-0.100755
-0.059755
0.063507
0.099147
-0.169299
0.138884
-0.024299
0.025375
-0.104081
0.185312
-0.295524
0.244257
-0.224403
0.063482
0.174075
-0.468303
0.102902
-0.167218
-0.250568
0.276006
0.050777
-0.153271
-0.297681
-0.101475
-0.065557
-0.012800
-0.488343
0.041422
0.270457
0.097896
-0.026185
-0.421904
-0.272711
-0.055893
-0.591418
-0.353032
0.046583
0.297563
0.387138
-0.482438
0.043389
-0.376674
-0.286611
-0.497065
-0.528585
-0.431011
-0.483228
-0.410430
0.064798
0.071865
-0.077643
-0.122524
0.187036
0.177299
0.065648
-0.010706
0.197144
0.285604
-0.316540
0.018081
-0.024462
-0.320478
-0.188480
-0.427016
0.214615
-0.104736
-0.266929
-0.117374
-0.100647
-0.049404
-0.095959
0.249865
-0.041241
0.181024
-0.298661
0.028290
-0.382300
0.060156
-0.128810
0.238543
-0.162851
-0.072098
-0.312359
-0.260641
-0.194018
-0.322197
0.356026
-0.335870
-0.200303
-0.114739
-0.254614
-0.325845
0.099966
-0.056984
-0.181073
-0.165299
0.285793
0.058922
-0.479111
-0.292644
-0.287599
0.027604
-0.251585
-0.081814
0.250931
-0.031083
-0.098355
0.129579
-0.767384
-0.194151
-0.539652
-0.091699
0.013929
-0.456308
0.086686
0.064869
0.032422
0.057330
0.011438
-0.612404
-0.239502
0.420051
-0.530406
-0.550654
-0.310441
-0.112586
-0.056090
-0.383631
-0.123113
0.278026
-0.033579
0.431860
0.332495
0.448148
0.105631
0.051923
-0.055450
-0.256864
0.086395
0.099376
0.090839
0.341957
-0.096111
-0.024705
-0.133385
-0.222306
-0.132243
-0.401412
-0.278088
-0.555392
-0.349908
0.108122
0.236869
-0.240990
0.219939
-0.140295
0.227074
0.120502
-0.054387
-0.145447
0.378885
0.129988
-0.040326
0.077588
-0.134002
-0.126754
0.055624
-0.277183
0.034650
0.155135
-0.582329
0.091956
0.135844
-0.092721
0.204715
-0.197097
0.043621
-0.232868
-0.144338
-0.217686
-0.302015
0.019235
-0.143430
-0.062080
-0.228358
-0.319919
0.291887
-0.011186
-0.320449
0.225527
-0.294087
0.405059
-0.423703
0.280152
0.293879
0.202134
-0.248263
0.315813
-0.229225
-0.101817
0.132266
-0.183214
-0.145602
0.023189
0.137104
-0.307227
-0.519326
0.243422
-0.272804
0.223784
-0.034879
0.235571
0.148693
0.220683
-0.289125
-0.205735
0.321728
0.127678
0.209560
0.155301
0.200478
-0.233855
-0.586824
-0.227635
0.295337
0.186566
0.231762
-0.148226
0.233274
-0.396400
0.235090
0.161884
-0.064884
-0.274448
0.161357
-0.022800
0.140631
0.190575
-0.078137
-0.366041
-0.120032
-0.457245
0.334699
-0.434784
0.177435
-0.322873
-0.126884
0.017512
-0.251535
-0.177748
-0.033917
-0.283786
-0.324343
0.113010
-0.348247
-0.380184
-0.281896
-0.093874
-0.004652
-0.254225
0.117208
0.149059
-0.218538
-0.127903
-0.417821
0.063352
0.000807
0.256458
0.164072
-0.495339
-0.162155
-0.402446
-0.249203
-0.076724
-0.232231
0.082237
0.163406
-0.235659
0.043161
0.250278
0.037672
-0.124560
-0.119236
0.282032
-0.110939
-0.083906
-0.190227
0.058751
0.066467
-0.223673
-0.220013
-0.396621
-0.299828
0.171234
-0.123516
-0.079983
-0.154844
-0.005080
-0.030128
-0.122598
-0.170982
-0.440471
0.055555
0.460099
-0.238374
0.154774
0.370090
-0.259955
-0.047165
-0.024450
-0.361180
-0.623358
-0.088170
-0.135091
-0.149538
-0.000873
0.171779
-0.036689
0.174518
0.044199
-0.497617
0.153187
-0.027159
0.150186
-0.014630
-0.313293
-0.452759
-0.204528
-0.037676
-0.185781
-0.017674
-0.278036
-0.355470
-0.298564
-0.668398
0.016967
0.219603
0.179702
0.171740
-0.264810
0.000209
0.214836
-0.223226
0.216444
-0.097963
-0.055727
-0.163184
-0.147021
-0.127272
-0.228086
-0.115313
0.199606
-0.465631
-0.040883
0.167655
-0.087483
0.193433
0.136929
0.085505
0.180428
0.298827
-0.188554
0.049236
-0.300406
-0.009824
-0.295088
0.252965
-0.199884
-0.402652
-0.016917
0.280532
0.216938
-0.076749
-0.341100
0.099201
0.236407
0.241640
-0.244024
-0.176370
-0.081157
-0.174819
-0.226453
-0.292461
0.052512
-0.623227
0.150818
-0.204964
-0.373618
-0.011789
0.362333
0.170540
-0.005114
-0.192343
-0.166924
0.504374
0.303636
0.351206
0.078538
-0.161423
0.037410
-0.107075
-0.582714
-0.455710
0.098755
-0.031598
0.239332
0.313389
-0.084512
-0.462065
0.096456
0.149093
0.205701
-0.313464
-0.442334
-0.048414
-0.329992
0.231652
0.378674
0.006263
0.113151
-0.333862
0.168043
-0.040424
-0.185974
0.290967
-0.604857
-0.212401
0.115955
0.286375
0.027037
0.270399
-0.503467
0.014817
-0.426085
0.177084
0.061304
-0.375628
0.126066
0.135664
-0.310819
-0.062033
0.199289
-0.404248
-0.212656
-0.410531
0.212131
0.262776
-0.228285
0.217854
-0.201499
0.182979
0.174735
-0.263685
-0.060771
-0.283428
0.553437
0.054425
-0.224421
0.062048
-0.005704
-0.342695
-0.100934
-0.285137
-0.241801
0.328048
-0.496846
0.180188
-0.014977
0.005721
0.161514
0.224736
0.154965
0.165944
-0.187388
0.146775
-0.340601
-0.333492
-0.286074
-0.031804
0.337270
-0.558994
-0.236191
-0.023829
